39.967022675268595 15.374980087795635
12.503327949924572 8.039045065826194
14.84557811850408 12.532257913425017
15.616565123443262 19.78913341046978
17.599611120355256 13.445584515570173
10.165105606076619 21.845369823703567
17.800357521016863 3.15032981370885
39.369337036819886 14.435942108914752
27.10674434834015 32.752604980789584
20.521496695855078 31.87146333016076
39.728498638081774 34.669540110705945
29.413270817322616 11.080205433805851
31.95008131057797 3.227981386790102
20.123419170471195 7.16359101738189
15.479653074993927 5.780734648769597
34.74726104201767 3.453807499241403
27.905953293100858 21.852614941579425
11.998670839508932 33.68038705659427
12.553420305920007 24.294068669946242
38.59511123600572 6.950221130357418
23.122100478609028 15.200578233375888
39.532731523215276 34.29972420007359
31.200015838177407 8.155175045582265
31.716134821417562 14.315903497898034
36.31746935822039 24.92059538595672
38.624032920975495 15.996265292105187
18.414880790438737 30.108451445751346
38.569015243687545 7.067236682218859
24.931547606345855 21.61844409240439
26.797650559673627 22.651482857406613
27.88662828587414 20.878000131441745
33.2626344926483 19.819583659086994
32.2459648656306 14.371292631361896
32.638724289442564 15.822702798472802
17.531815109473875 14.408542024507526
28.73086809356296 28.909463964972865
19.477091971657106 16.650445102349035
33.72939980063697 15.389672971783495
17.409964335390583 13.714461583684198
18.2898814731736 23.3558740154595
34.9859941935303 34.347200193209176
38.63686868153979 33.29943460032263
19.527317031409623 10.68268642772936
32.32525812122874 17.98619355188577
38.78615803966234 24.15781953744884
10.382376646593341 12.43493187281075
16.515471421964335 16.816945499961328
18.03318483876578 4.332710643655501
28.12554067527348 2.042868598361613
27.124107980892305 22.795542509786717
