1.0170480698776618 99.43746576684869
23.727753505810096 97.5924396091364
11.994323416032591 80.72963659872156
11.066226200621891 86.01623524667305
16.298931216076674 95.82340937803168
22.41726534166885 80.5432515334399
1.750741434532375 97.7635508046976
8.086064057955163 92.01081087065702
9.966035770223936 81.26639497299247
4.847012775854938 98.07914041450826
8.14739041670521 82.26868800917886
15.40379356875635 83.25295951489416
21.846810266925093 90.06051860319803
23.865551063511493 88.28176843395374
24.035285747423856 99.92629071710357
5.744335668703267 92.28276908468808
12.510427042811633 91.51199384893026
10.476700904608311 99.481184800033
24.865241121231108 99.62860574290288
11.621041521843674 90.87221791970624
5.745643790973876 86.25847586124223
17.57362804876709 87.7015154361792
13.905629248429738 80.16067304377474
13.567540268888372 90.57919168175613
2.621234750320549 83.68354230287778
13.73398513070904 92.25553635633888
7.891846308566 89.69263273301871
22.44239099045342 95.31695432032177
12.509788053038454 85.60117851954551
24.96946000129216 90.64122709490766
13.926402040251347 81.49164993935919
7.550693181777102 88.6701026761641
16.883275840288707 86.69101162571518
14.080505102289159 83.68148763113601
11.90675723533126 79.71043657691261
23.050788675602213 87.16894031174908
21.243137619755565 78.29479744686476
15.54942368816717 82.97197282539189
20.18318101225352 82.5665892893471
18.334252411576763 89.19315563834849
16.40466380966811 90.27237616688508
23.27014491047204 84.9901171362605
7.707553890240959 78.1694231624164
3.0144850494050592 97.77659654526275
3.3203689573638586 92.26108859887108
9.81874551157371 98.92624711053605
3.790624760926816 88.43445913566174
23.052076898752492 99.9678623166771
15.707278917271964 78.28285684061198
23.98857870205248 84.61874715504263
