66.02462428738517 75.86612680286208
90.35360753870677 55.4475009504325
72.80356014872443 40.974459662827215
69.99065752110744 30.856604946391137
75.82527154719764 69.19823751555961
75.05877366641029 53.703213906625734
77.83292202239167 76.65952892137504
92.49057801479832 36.01526657679845
76.12144039948694 38.289017124786746
74.79929709778615 40.35693042128567
76.05920269330655 48.951062091222425
94.05666346308723 61.4323728169195
68.81389360517692 52.72089998819312
94.79668272463215 39.00860241646299
81.5722246299415 49.36800562087787
87.10997188838661 50.84307355045581
90.45896860481483 30.06770825392042
80.2262552740369 39.50353782529483
87.69693094563081 76.02763702147305
77.11113059768385 54.546526375733094
50.24070072628224 75.08611092979854
89.29477442066019 32.377924549498026
88.51377029768645 56.951225912428995
74.67051182792244 33.55401921785311
62.911950033172786 53.25324592942868
58.1496461013312 51.26572901962546
53.10431975165845 53.36502304151478
56.846567186962126 35.761416024260924
89.15577918789332 46.02592864277148
51.79463353467486 70.1107487066175
76.60404227320389 64.7161299884001
67.28143020971834 52.21150487024123
94.55632696010628 49.464765664011814
87.3254896890799 76.26368346753058
60.77828863796477 57.556798625256135
69.07297533357969 76.05565664408275
83.88110345237175 36.03226624519379
68.08654171935204 64.70336491213186
56.18686391026786 30.670654429861195
73.19616028848054 51.32259971166799
83.52720157706987 33.86478215975936
77.68021335214121 34.78111505331516
99.35323333739908 41.859729791219095
76.53499721344835 37.129069870953245
96.77577515363781 75.46186543609319
88.92733044937965 40.89573147062102
75.47679554714378 30.73270108427474
97.97161086041255 40.00606746039635
60.83915119593666 34.52516986116282
82.87965461718196 31.882072108300036
