39.967022675268595 15.374980087795635
12.503327949924572 8.039045065826194
14.84557811850408 12.532257913425017
15.616565123443262 19.78913341046978
17.599611120355256 13.445584515570173
10.165105606076619 21.845369823703567
17.800357521016863 3.15032981370885
39.369337036819886 14.435942108914752
27.10674434834015 32.752604980789584
20.521496695855078 31.87146333016076
39.728498638081774 34.669540110705945
29.413270817322616 11.080205433805851
31.95008131057797 3.227981386790102
20.123419170471195 7.16359101738189
15.479653074993927 5.780734648769597
34.74726104201767 3.453807499241403
27.905953293100858 21.852614941579425
11.998670839508932 33.68038705659427
12.553420305920007 24.294068669946242
38.59511123600572 6.950221130357418
23.122100478609028 15.200578233375888
39.532731523215276 34.29972420007359
31.200015838177407 8.155175045582265
31.716134821417562 14.315903497898034
36.31746935822039 24.92059538595672
38.624032920975495 15.996265292105187
18.414880790438737 30.108451445751346
38.569015243687545 7.067236682218859
24.931547606345855 21.61844409240439
26.797650559673627 22.651482857406613
27.88662828587414 20.878000131441745
33.2626344926483 19.819583659086994
32.2459648656306 14.371292631361896
32.638724289442564 15.822702798472802
17.531815109473875 14.408542024507526
28.73086809356296 28.909463964972865
19.477091971657106 16.650445102349035
33.72939980063697 15.389672971783495
17.409964335390583 13.714461583684198
18.2898814731736 23.3558740154595
34.9859941935303 34.347200193209176
38.63686868153979 33.29943460032263
19.527317031409623 10.68268642772936
32.32525812122874 17.98619355188577
38.78615803966234 24.15781953744884
10.382376646593341 12.43493187281075
16.515471421964335 16.816945499961328
18.03318483876578 4.332710643655501
28.12554067527348 2.042868598361613
27.124107980892305 22.795542509786717
22.452265959781727 95.72414351413045
14.50721193740086 93.30785716720615
7.720242227186547 77.2359629579649
17.29706675636086 77.18765083711081
24.46696195057833 97.46876972403645
5.304658205624828 79.96424973630008
4.265813173235355 79.8922783370605
9.347853114060243 75.92974944888019
16.595863474317323 81.06001763505517
18.4134209443794 95.72443276482691
6.814015739341912 76.49418814938467
1.42866210124902 90.69836014582381
4.325767052249997 96.83903158355258
13.251677411410629 93.3657518759163
9.90090243772412 80.84898697005845
1.6180648585545176 80.77457055592114
11.291513656625561 93.24481754539123
4.583110673578031 86.76507121466723
19.309691940857086 76.05182708735785
1.5612297215002284 86.74326402286808
13.666029519492067 89.4550598407273
21.75328323071585 93.65059581923495
11.706916401165746 84.08566139075866
1.3146194395267097 88.92970526172786
2.6212076752465983 96.40586131552058
20.478960244968626 75.83820949652134
13.776730156892977 83.62612569480906
10.826259460562586 98.40060785635984
18.74710096168684 90.38884068859412
8.64639314399728 98.33659320043563
2.6807458204688652 90.89989343831816
14.024963061178244 97.774600362167
13.664316639529888 92.1691942990765
21.38582988885858 93.4513259566258
19.838982089848386 86.68081865746933
16.407127459220522 94.32715424247361
23.965757716614284 96.40004724676345
12.138037499957374 80.65172391740761
23.763214455241176 96.9153948239804
8.190881126927245 92.3507861544773
21.373543269891872 82.76607678418084
6.233534620304675 91.84696521947387
24.101118845077014 76.09491847164675
8.264854072739386 87.14043398382867
8.40869635038214 88.21937937966179
13.128263350822682 75.68802361380695
21.26405217600522 99.02750809735188
19.708070202608333 88.0676650618906
21.66197280110352 99.73784408050633
6.648031674904181 91.63861169387994
66.02462428738517 75.86612680286208
90.35360753870677 55.4475009504325
72.80356014872443 40.974459662827215
69.99065752110744 30.856604946391137
75.82527154719764 69.19823751555961
75.05877366641029 53.703213906625734
77.83292202239167 76.65952892137504
92.49057801479832 36.01526657679845
76.12144039948694 38.289017124786746
74.79929709778615 40.35693042128567
76.05920269330655 48.951062091222425
94.05666346308723 61.4323728169195
68.81389360517692 52.72089998819312
94.79668272463215 39.00860241646299
81.5722246299415 49.36800562087787
87.10997188838661 50.84307355045581
90.45896860481483 30.06770825392042
80.2262552740369 39.50353782529483
87.69693094563081 76.02763702147305
77.11113059768385 54.546526375733094
50.24070072628224 75.08611092979854
89.29477442066019 32.377924549498026
88.51377029768645 56.951225912428995
74.67051182792244 33.55401921785311
62.911950033172786 53.25324592942868
58.1496461013312 51.26572901962546
53.10431975165845 53.36502304151478
56.846567186962126 35.761416024260924
89.15577918789332 46.02592864277148
51.79463353467486 70.1107487066175
76.60404227320389 64.7161299884001
67.28143020971834 52.21150487024123
94.55632696010628 49.464765664011814
87.3254896890799 76.26368346753058
60.77828863796477 57.556798625256135
69.07297533357969 76.05565664408275
83.88110345237175 36.03226624519379
68.08654171935204 64.70336491213186
56.18686391026786 30.670654429861195
73.19616028848054 51.32259971166799
83.52720157706987 33.86478215975936
77.68021335214121 34.78111505331516
99.35323333739908 41.859729791219095
76.53499721344835 37.129069870953245
96.77577515363781 75.46186543609319
88.92733044937965 40.89573147062102
75.47679554714378 30.73270108427474
97.97161086041255 40.00606746039635
60.83915119593666 34.52516986116282
82.87965461718196 31.882072108300036
